+270
+120
+60
+120
+60
-240
-180
+240
+600
+120
+240
-240
+180
+360
-240
+180
+120
-360
+60
+360
-240
+120
+120
-180
+480
+120
+0
+120
-60
+420
+60
-240
+60
+60
-240
+480
-300
+180
+60
+60
-360
+0
+120
-240
+180
+120
+120
+180
-240
-240
+540
-300
+120
-360
+60
+180
+120
+120
+180
+720
+120
+120
+60
+0
+240
+120
+0
+120
-240
-360
+0
+0
-240
-240
-360
+120
+0
+330
+420
+210
+180
+60
+120
+120
-300
+540
+180
+360
+180
+720
+180
+360
+420
+120
+120
+120
+0
+120
+120
+120
+120
+180
+120
+480
+300
+0
+120
+720
+0
+240
-360
+660
+120
+120
+480
+120
+60
+120
+390
+120
+720
+345
+120
+720
-360
+60
+60
+540
+120
+120
+240
+300
+540
-300
+600
-240
-300
+480
+120
+60
+180
+120
+180
+120
-240
-240
-240
+780
+120
+0
+180
+0
+120
+240
+0
+480
+120
+120
+660
+180
+120
+540
+180
+120
+330
+120
-180
+120
+120
+180
+480
+300
+180
+420
+0
+780
-240
+60
+180
+300
+720
+180
+120
+240
+60
-240
-180
+300
+660
+120
-240
+420
+180
+120
+120
